image: willow_halls.pgm
resolution: 0.050000
origin: [-23.400000, -55.900000, 0.000000]
negate: 0
occupied_thresh: 0.65
free_thresh: 0.196
