image: willow_outside.pgm
resolution: 0.050000
origin: [-60.200000, -55.900000, 0.000000]
negate: 0
occupied_thresh: 0.65
free_thresh: 0.196
